0.11538461538461497 0.00015473887814313192
0.48076923076922995 0.00015473887814313192
1.0 0.00018568665377175775
1.5 0.00021663442940038635
2.01923076923077 0.00021663442940038635
2.51923076923077 0.0003094777562862666
3 0.00037137330754351827
3.51923076923077 0.0004642166344293985
4.019230769230768 0.0007427466150870393
4.500000000000002 0.001268858800773695
5.000000000000000 0.0018568665377175997
5.500000000000002 0.0023829787234042527
5.999999999999998 0.00297098646034816
6.500000000000002 0.0044564796905222415
6.999999999999998 0.0059729206963249515
7.500000000000002 0.007613152804642165
7.999999999999998 0.009872340425531914
8.500000000000002 0.014638297872340425
8.692307692307695 0.015566731141199225
9.000000000000002 0.015226305609284332
9.500000000000002 0.013586073500967116
9.961538461538462 0.012688588007736945