0.0000  0.0000  0.00000  0.00000
0.0547  0.0625  -0.41165 0.42447
0.0625  0.0703  -0.42901 0.43329
0.0703  0.0781  -0.43643 0.43648
0.1016  0.0938  -0.40435 0.42951
0.1719  0.1563  -0.33050 0.35368
0.2813  0.2266  -0.22855 0.28066
0.4531  0.2344  -0.07404 0.27280
0.5000  0.5000  -0.03039 0.00945
0.6172  0.8047  0.08183  -0.30018
0.7344  0.8594  0.20087  -0.36214
0.8516  0.9063  0.33556  -0.41442
0.9531  0.9453  0.46036  -0.52876
0.9609  0.9531  0.45992  -0.55408
0.9688  0.9609  0.46120  -0.55069
0.9766  0.9688  0.48223  -0.49774
1.0000  1.0000  1.00000  0.00000